- metrics:
    max: 0.0007516539578059949
    mean: 9.835293365157963e-05
    ratio: 0.12334801762114538
    runtime: 0.01326298713684082
  param:
    epsilon: 0.0001
